0 29 100 1
30 59 100 1
60 89 100 1
90 119 100 1
120 149 100 1
150 179 100 2
180 209 100 2
210 239 100 2
240 269 100 2
270 299 100 2
300 329 100 3
330 359 100 3
360 389 100 3
390 419 100 3
420 449 100 3
450 479 100 4
480 509 100 4
510 539 100 4
540 569 100 4
570 599 100 4
600 629 101 1
630 659 101 1
660 689 101 2
690 719 101 2
720 749 101 3
750 779 101 3
780 809 101 4
810 839 101 4
840 869 102 1
870 899 102 1
900 929 102 1
930 959 102 3
960 989 102 3
990 1019 102 3
1020 1049 102 4
1050 1079 102 4
1080 1109 102 4
1110 1139 103 1
1140 1169 103 1
1170 1199 103 1
1200 1229 103 1
1230 1259 103 1
1260 1289 103 3
1290 1319 103 3
1320 1349 103 3
1350 1379 103 3
1380 1409 103 3
1410 1439 103 3
1440 1469 103 4
1470 1499 104 1
1500 1529 104 1
1530 1559 104 1
1560 1589 104 1
1590 1619 104 1
1620 1649 104 2
1650 1679 104 2
1680 1709 104 2
1710 1739 104 2
1740 1769 104 3
1770 1799 104 3
1800 1829 104 3
1830 1859 104 3
1860 1889 104 3
1890 1919 104 4
1920 1949 104 4
1950 1979 104 4
1980 2009 104 4
2010 2039 104 4
2040 2069 105 1
2070 2099 105 2
2100 2129 105 3
2130 2159 105 3
2160 2189 105 4
2190 2219 106 1
2220 2249 106 1
2250 2279 106 1
2280 2309 106 1
2310 2339 106 1
2340 2369 106 1
2370 2399 106 1
2400 2429 106 2
2430 2459 106 2
2460 2489 106 2
2490 2519 106 2
2520 2549 106 2
2550 2579 106 2
2580 2609 106 3
2610 2639 106 3
2640 2669 106 3
2670 2699 106 3
2700 2729 106 3
2730 2759 106 3
2760 2789 106 3
2790 2819 107 1
2820 2849 107 1
2850 2879 107 1
2880 2909 107 1
2910 2939 107 2
2940 2969 107 2
2970 2999 107 2
3000 3029 107 2
3030 3059 107 3
3060 3089 107 3
3090 3119 107 3
3120 3149 107 3
3150 3179 107 4
3180 3209 107 4
3210 3239 107 4
3240 3269 108 1
3270 3299 108 1
3300 3329 108 1
3330 3359 108 1
3360 3389 108 2
3390 3419 108 2
3420 3449 108 2
3450 3479 108 2
3480 3509 108 3
3510 3539 108 3
3540 3569 108 3
3570 3599 108 3
3600 3629 108 4
3630 3659 108 4
3660 3689 108 4
3690 3719 108 4
3720 3749 109 1
3750 3779 109 1
3780 3809 109 1
3810 3839 109 1
3840 3869 109 1
3870 3899 109 1
3900 3929 109 1
3930 3959 109 1
3960 3989 109 1
3990 4019 109 2
4020 4049 109 2
4050 4079 109 2
4080 4109 109 2
4110 4139 109 3
4140 4169 109 3
4170 4199 109 3
4200 4229 109 3
4230 4259 109 3
4260 4289 109 3
4290 4319 109 3
4320 4349 109 3
4350 4379 109 4
4380 4409 109 4
4410 4439 109 4
4440 4469 109 4
4470 4499 109 4
4500 4529 109 4
4530 4559 109 4
4560 4589 109 4
4590 4619 110 1
4620 4649 110 1
4650 4679 110 1
4680 4709 110 1
4710 4739 110 1
4740 4769 110 1
4770 4799 110 1
4800 4829 110 3
4830 4859 110 3
4860 4889 110 3
4890 4919 110 3
4920 4949 110 3
4950 4979 110 3
4980 5009 110 3
5010 5039 110 4
5040 5069 110 4
5070 5099 110 4
5100 5129 110 4
5130 5159 110 4
5160 5189 110 4
5190 5219 110 4
5220 5249 111 1
5250 5279 111 1
5280 5309 111 2
5310 5339 111 2
5340 5369 111 2
5370 5399 111 3
5400 5429 111 3
5430 5459 111 3
5460 5489 111 3
5490 5519 111 4
5520 5549 111 4
5550 5579 111 4
5580 5609 112 1
5610 5639 112 2
5640 5669 112 3
5670 5699 112 3
5700 5729 112 4
5730 5759 113 1
5760 5789 113 1
5790 5819 113 1
5820 5849 113 1
5850 5879 113 3
5880 5909 113 3
5910 5939 113 3
5940 5969 113 4
5970 5999 113 4
6000 6029 113 4
6030 6059 113 4
6060 6089 114 1
6090 6119 114 1
6120 6149 114 1
6150 6179 114 2
6180 6209 114 2
6210 6239 114 3
6240 6269 114 3
6270 6299 114 3
6300 6329 114 4
6330 6359 114 4
6360 6389 114 4
6390 6419 115 2
6420 6449 115 2
6450 6479 115 3
6480 6509 115 3
6510 6539 115 4
6540 6569 116 1
6570 6599 116 1
6600 6629 116 1
6630 6659 116 1
6660 6689 116 2
6690 6719 116 2
6720 6749 116 2
6750 6779 116 2
6780 6809 116 3
6810 6839 116 3
6840 6869 116 3
6870 6899 116 3
6900 6929 116 3
6930 6959 116 3
6960 6989 116 3
6990 7019 116 3
7020 7049 116 4
7050 7079 116 4
7080 7109 116 4
7110 7139 116 4
7140 7169 116 4
7170 7199 116 4
7200 7229 116 4
7230 7259 117 1
7260 7289 117 1
7290 7319 117 1
7320 7349 117 1
7350 7379 117 1
7380 7409 117 2
7410 7439 117 2
7440 7469 117 3
7470 7499 117 3
7500 7529 117 3
7530 7559 117 3
7560 7589 117 3
7590 7619 117 4
7620 7649 117 4
7650 7679 117 4
7680 7709 117 4
7710 7739 117 4
7740 7769 118 2
7770 7799 118 2
7800 7829 118 2
7830 7859 118 3
7860 7889 118 3
7890 7919 118 3
7920 7949 118 4
7950 7979 118 4
7980 8009 119 1
8010 8039 119 1
8040 8069 119 1
8070 8099 119 1
8100 8129 119 1
8130 8159 119 1
8160 8189 119 1
8190 8219 119 1
8220 8249 119 1
8250 8279 119 1
8280 8309 119 2
8310 8339 119 2
8340 8369 119 2
8370 8399 119 3
8400 8429 119 3
8430 8459 119 3
8460 8489 119 3
8490 8519 119 3
8520 8549 119 3
8550 8579 119 3
8580 8609 119 3
8610 8639 119 3
8640 8669 119 3
8670 8699 119 4
8700 8729 119 4
8730 8759 119 4
8760 8789 119 4
8790 8819 119 4
8820 8849 119 4
8850 8879 119 4
8880 8909 119 4
8910 8939 119 4
8940 8969 119 4
8970 8999 120 1
9000 9029 120 1
9030 9059 120 1
9060 9089 120 1
9090 9119 120 1
9120 9149 120 1
9150 9179 120 1
9180 9209 120 1
9210 9239 120 2
9240 9269 120 2
9270 9299 120 2
9300 9329 120 2
9330 9359 120 2
9360 9389 120 3
9390 9419 120 3
9420 9449 120 3
9450 9479 120 3
9480 9509 120 3
9510 9539 120 3
9540 9569 120 3
9570 9599 120 4
9600 9629 120 4
9630 9659 120 4
9660 9689 120 4
9690 9719 121 1
9720 9749 121 1
9750 9779 121 1
9780 9809 121 2
9810 9839 121 2
9840 9869 121 3
9870 9899 121 3
9900 9929 121 3
9930 9959 121 3
9960 9989 121 3
9990 10019 121 3
10020 10049 121 4
10050 10079 121 4
10080 10109 121 4
10110 10139 121 4
10140 10169 121 4
10170 10199 122 1
10200 10229 122 1
10230 10259 122 2
10260 10289 122 2
10290 10319 122 3
10320 10349 122 3
10350 10379 122 3
10380 10409 122 4
10410 10439 122 4
10440 10469 123 1
10470 10499 123 1
10500 10529 123 1
10530 10559 123 1
10560 10589 123 1
10590 10619 123 1
10620 10649 123 2
10650 10679 123 2
10680 10709 123 2
10710 10739 123 2
10740 10769 123 3
10770 10799 123 3
10800 10829 123 3
10830 10859 123 3
10860 10889 123 3
10890 10919 123 3
10920 10949 123 4
10950 10979 123 4
10980 11009 123 4
11010 11039 123 4
11040 11069 124 1
11070 11099 124 1
11100 11129 124 1
11130 11159 124 1
11160 11189 124 1
11190 11219 124 2
11220 11249 124 2
11250 11279 124 2
11280 11309 124 2
11310 11339 124 2
11340 11369 124 3
11370 11399 124 4
11400 11429 124 4
11430 11459 124 4
11460 11489 125 1
11490 11519 125 1
11520 11549 125 1
11550 11579 125 1
11580 11609 125 1
11610 11639 125 1
11640 11669 125 3
11670 11699 125 3
11700 11729 125 3
11730 11759 125 3
11760 11789 125 3
11790 11819 125 3
11820 11849 125 3
11850 11879 125 3
11880 11909 126 1
11910 11939 126 1
11940 11969 126 1
11970 11999 126 1
12000 12029 126 3
12030 12059 126 3
12060 12089 126 3
12090 12119 126 3
12120 12149 126 3
12150 12179 126 3
12180 12209 126 4
12210 12239 126 4
12240 12269 127 1
12270 12299 127 1
12300 12329 127 1
12330 12359 127 1
12360 12389 127 1
12390 12419 127 2
12420 12449 127 2
12450 12479 127 2
12480 12509 127 3
12510 12539 127 3
12540 12569 127 3
12570 12599 127 3
12600 12629 127 3
12630 12659 127 4
12660 12689 127 4
12690 12719 127 4
12720 12749 128 1
12750 12779 128 1
12780 12809 128 2
12810 12839 128 3
12840 12869 128 3
12870 12899 128 3
12900 12929 128 4
12930 12959 129 1
12960 12989 129 1
12990 13019 129 1
13020 13049 129 1
13050 13079 129 1
13080 13109 129 1
13110 13139 129 1
13140 13169 129 3
13170 13199 129 3
13200 13229 129 3
13230 13259 129 3
13260 13289 129 3
13290 13319 129 3
13320 13349 129 3
13350 13379 130 1
13380 13409 130 1
13410 13439 130 1
13440 13469 130 2
13470 13499 130 2
13500 13529 130 3
13530 13559 130 3
13560 13589 130 3
13590 13619 130 4
13620 13649 130 4
13650 13679 130 4
13680 13709 131 1
13710 13739 131 1
13740 13769 131 2
13770 13799 131 2
13800 13829 131 3
13830 13859 131 3
13860 13889 132 2
13890 13919 132 2
13920 13949 132 3
13950 13979 132 3
13980 14009 132 3
14010 14039 132 4
14040 14069 132 4
14070 14099 133 1
14100 14129 133 1
14130 14159 133 3
14160 14189 133 4
14190 14219 133 4
14220 14249 134 1
14250 14279 134 1
14280 14309 134 1
14310 14339 134 1
14340 14369 134 1
14370 14399 134 2
14400 14429 134 2
14430 14459 134 3
14460 14489 134 3
14490 14519 134 3
14520 14549 134 3
14550 14579 134 3
14580 14609 134 4
14610 14639 134 4
14640 14669 134 4
14670 14699 135 1
14700 14729 135 1
14730 14759 135 2
14760 14789 135 2
14790 14819 135 3
14820 14849 135 3
14850 14879 135 4
14880 14909 135 4
14910 14939 136 1
14940 14969 136 1
14970 14999 136 3
15000 15029 136 3
15030 15059 136 4
15060 15089 137 2
15090 15119 137 3
15120 15149 137 3
15150 15179 137 4
15180 15209 138 1
15210 15239 138 1
15240 15269 138 1
15270 15299 138 1
15300 15329 138 1
15330 15359 138 2
15360 15389 138 2
15390 15419 138 3
15420 15449 138 3
15450 15479 138 3
15480 15509 138 3
15510 15539 138 4
15540 15569 138 4
15570 15599 138 4
15600 15629 139 1
15630 15659 139 1
15660 15689 139 1
15690 15719 139 1
15720 15749 139 2
15750 15779 139 2
15780 15809 139 3
15810 15839 139 3
15840 15869 139 3
15870 15899 139 3
15900 15929 139 3
15930 15959 139 4
15960 15989 139 4
15990 16019 140 1
16020 16049 140 1
16050 16079 140 1
16080 16109 140 1
16110 16139 140 2
16140 16169 140 2
16170 16199 140 2
16200 16229 140 2
16230 16259 140 3
16260 16289 140 3
16290 16319 140 3
16320 16349 140 3
16350 16379 140 4
16380 16409 140 4
16410 16439 140 4
16440 16469 140 4
16470 16499 141 1
16500 16529 141 1
16530 16559 141 1
16560 16589 141 2
16590 16619 141 2
16620 16649 141 2
16650 16679 141 3
16680 16709 141 3
16710 16739 141 3
16740 16769 141 4
16770 16799 141 4
16800 16829 141 4
16830 16859 142 1
16860 16889 142 1
16890 16919 142 1
16920 16949 142 1
16950 16979 142 2
16980 17009 142 2
17010 17039 142 2
17040 17069 142 2
17070 17099 142 2
17100 17129 142 3
17130 17159 142 3
17160 17189 142 3
17190 17219 142 3
17220 17249 142 3
17250 17279 142 3
17280 17309 142 4
17310 17339 142 4
17340 17369 142 4
17370 17399 142 4
17400 17429 142 4
17430 17459 143 1
17460 17489 143 1
17490 17519 143 1
17520 17549 143 1
17550 17579 143 3
17580 17609 143 3
17610 17639 143 3
17640 17669 143 4
17670 17699 143 4
17700 17729 143 4
17730 17759 143 4
17760 17789 144 1
17790 17819 144 1
17820 17849 144 1
17850 17879 144 1
17880 17909 144 2
17910 17939 144 3
17940 17969 144 3
17970 17999 144 3
18000 18029 144 4
18030 18059 144 4
18060 18089 144 4
18090 18119 145 1
18120 18149 145 1
18150 18179 145 1
18180 18209 145 1
18210 18239 145 1
18240 18269 145 1
18270 18299 145 2
18300 18329 145 2
18330 18359 145 2
18360 18389 145 2
18390 18419 145 3
18420 18449 145 3
18450 18479 145 3
18480 18509 145 3
18510 18539 145 3
18540 18569 145 3
18570 18599 145 4
18600 18629 145 4
18630 18659 145 4
18660 18689 145 4
18690 18719 145 4
18720 18749 146 1
18750 18779 146 1
18780 18809 146 1
18810 18839 146 1
18840 18869 146 1
18870 18899 146 2
18900 18929 146 3
18930 18959 146 3
18960 18989 146 3
18990 19019 146 3
19020 19049 146 4
19050 19079 146 4
19080 19109 146 4
19110 19139 146 4
19140 19169 146 4
19170 19199 147 1
19200 19229 147 1
19230 19259 147 1
19260 19289 147 1
19290 19319 147 1
19320 19349 147 2
19350 19379 147 2
19380 19409 147 3
19410 19439 147 3
19440 19469 147 3
19470 19499 147 3
19500 19529 147 3
19530 19559 147 4
19560 19589 147 4
19590 19619 147 4
19620 19649 147 4
19650 19679 148 1
19680 19709 148 1
19710 19739 148 1
19740 19769 148 1
19770 19799 148 1
19800 19829 148 2
19830 19859 148 2
19860 19889 148 2
19890 19919 148 2
19920 19949 148 2
19950 19979 148 3
19980 20009 148 3
20010 20039 148 3
20040 20069 148 3
20070 20099 148 3
20100 20129 148 4
20130 20159 148 4
20160 20189 148 4
20190 20219 148 4
20220 20249 149 1
20250 20279 149 1
20280 20309 149 1
20310 20339 149 1
20340 20369 149 2
20370 20399 149 2
20400 20429 149 2
20430 20459 149 2
20460 20489 149 3
20490 20519 149 3
20520 20549 149 3
20550 20579 149 3
20580 20609 149 4
20610 20639 149 4
20640 20669 149 4
20670 20699 149 4
20700 20729 150 1
20730 20759 150 1
20760 20789 150 2
20790 20819 150 2
20820 20849 150 2
20850 20879 150 3
20880 20909 150 3
20910 20939 150 3
20940 20969 150 3
20970 20999 150 4
21000 21029 150 4
21030 21059 150 4
21060 21089 151 1
21090 21119 151 1
21120 21149 151 1
21150 21179 151 1
21180 21209 151 1
21210 21239 151 1
21240 21269 151 1
21270 21299 151 2
21300 21329 151 2
21330 21359 151 2
21360 21389 151 2
21390 21419 151 2
21420 21449 151 3
21450 21479 151 3
21480 21509 151 3
21510 21539 151 3
21540 21569 151 3
21570 21599 151 3
21600 21629 151 3
21630 21659 151 4
21660 21689 151 4
21690 21719 151 4
21720 21749 151 4
21750 21779 151 4
21780 21809 151 4
21810 21839 152 1
21840 21869 152 1
21870 21899 152 1
21900 21929 152 2
21930 21959 152 2
21960 21989 152 2
21990 22019 152 3
22020 22049 152 3
22050 22079 152 3
22080 22109 152 4
22110 22139 152 4
22140 22169 152 4
22170 22199 153 1
22200 22229 153 1
22230 22259 153 1
22260 22289 153 1
22290 22319 153 1
22320 22349 153 1
22350 22379 153 2
22380 22409 153 2
22410 22439 153 2
22440 22469 153 2
22470 22499 153 2
22500 22529 153 3
22530 22559 153 3
22560 22589 153 3
22590 22619 153 3
22620 22649 153 3
22650 22679 153 4
22680 22709 153 4
22710 22739 153 4
22740 22769 153 4
22770 22799 153 4
22800 22829 154 1
22830 22859 154 1
22860 22889 154 1
22890 22919 154 1
22920 22949 154 2
22950 22979 154 2
22980 23009 154 2
23010 23039 154 2
23040 23069 154 3
23070 23099 154 3
23100 23129 154 3
23130 23159 154 4
23160 23189 154 4
23190 23219 154 4
23220 23249 154 4
23250 23279 155 1
23280 23309 155 1
23310 23339 155 1
23340 23369 155 1
23370 23399 155 1
23400 23429 155 2
23430 23459 155 2
23460 23489 155 2
23490 23519 155 2
23520 23549 155 3
23550 23579 155 3
23580 23609 155 3
23610 23639 155 3
23640 23669 155 3
23670 23699 155 4
23700 23729 155 4
23730 23759 155 4
23760 23789 155 4
23790 23819 156 1
23820 23849 156 1
23850 23879 156 1
23880 23909 156 1
23910 23939 156 1
23940 23969 156 1
23970 23999 156 1
24000 24029 156 1
24030 24059 156 1
24060 24089 156 1
24090 24119 156 1
24120 24149 156 1
24150 24179 156 1
24180 24209 156 2
24210 24239 156 2
24240 24269 156 2
24270 24299 156 2
24300 24329 156 2
24330 24359 156 3
24360 24389 156 3
24390 24419 156 3
24420 24449 156 3
24450 24479 156 3
24480 24509 156 3
24510 24539 156 3
24540 24569 156 3
24570 24599 156 3
24600 24629 156 3
24630 24659 156 3
24660 24689 156 3
24690 24719 156 3
24720 24749 156 4
24750 24779 156 4
24780 24809 156 4
24810 24839 156 4
24840 24869 156 4
24870 24899 156 4
24900 24929 156 4
24930 24959 156 4
24960 24989 156 4
24990 25019 156 4
25020 25049 156 4
25050 25079 156 4
25080 25109 156 4
25110 25139 157 1
25140 25169 157 1
25170 25199 157 1
25200 25229 157 1
25230 25259 157 1
25260 25289 157 1
25290 25319 157 1
25320 25349 157 1
25350 25379 157 2
25380 25409 157 2
25410 25439 157 2
25440 25469 157 2
25470 25499 157 2
25500 25529 157 3
25530 25559 157 3
25560 25589 157 3
25590 25619 157 3
25620 25649 157 3
25650 25679 157 3
25680 25709 157 3
25710 25739 157 4
25740 25769 157 4
25770 25799 157 4
25800 25829 157 4
25830 25859 157 4
25860 25889 157 4
25890 25919 157 4
25920 25949 158 1
25950 25979 158 1
25980 26009 158 1
26010 26039 158 1
26040 26069 158 1
26070 26099 158 1
26100 26129 158 3
26130 26159 158 3
26160 26189 158 3
26190 26219 158 3
26220 26249 158 3
26250 26279 158 4
26280 26309 158 4
26310 26339 158 4
26340 26369 158 4
26370 26399 158 4
26400 26429 159 1
26430 26459 159 1
26460 26489 159 1
26490 26519 159 2
26520 26549 159 2
26550 26579 159 2
26580 26609 159 2
26610 26639 159 3
26640 26669 159 3
26670 26699 159 3
26700 26729 159 3
26730 26759 159 4
26760 26789 159 4
26790 26819 159 4
26820 26849 159 4
26850 26879 160 1
26880 26909 160 1
26910 26939 160 1
26940 26969 160 1
26970 26999 160 1
27000 27029 160 2
27030 27059 160 2
27060 27089 160 2
27090 27119 160 2
27120 27149 160 3
27150 27179 160 3
27180 27209 160 3
27210 27239 160 3
27240 27269 160 3
27270 27299 160 4
27300 27329 160 4
27330 27359 160 4
27360 27389 160 4
27390 27419 160 4
27420 27449 161 2
27450 27479 161 2
27480 27509 161 2
27510 27539 161 3
27540 27569 161 3
27570 27599 161 3
27600 27629 161 3
27630 27659 161 4
27660 27689 161 4
27690 27719 161 4
27720 27749 162 1
27750 27779 162 1
27780 27809 162 1
27810 27839 162 2
27840 27869 162 2
27870 27899 162 2
27900 27929 162 3
27930 27959 162 3
27960 27989 162 4
27990 28019 162 4
28020 28049 162 4
28050 28079 163 1
28080 28109 163 1
28110 28139 163 1
28140 28169 163 2
28170 28199 163 2
28200 28229 163 3
28230 28259 163 3
28260 28289 163 4
28290 28319 163 4
28320 28349 164 1
28350 28379 164 2
28380 28409 164 2
28410 28439 164 3
28440 28469 164 3
28470 28499 164 4
28500 28529 165 1
28530 28559 165 1
28560 28589 165 1
28590 28619 165 1
28620 28649 165 1
28650 28679 165 2
28680 28709 165 2
28710 28739 165 2
28740 28769 165 2
28770 28799 165 2
28800 28829 165 3
28830 28859 165 3
28860 28889 165 3
28890 28919 165 3
28920 28949 165 4
28950 28979 165 4
28980 29009 165 4
29010 29039 165 4
29040 29069 166 1
29070 29099 166 1
29100 29129 166 1
29130 29159 166 2
29160 29189 166 2
29190 29219 166 2
29220 29249 166 3
29250 29279 166 3
29280 29309 166 4
29310 29339 166 4
29340 29369 167 1
29370 29399 167 1
29400 29429 167 1
29430 29459 167 1
29460 29489 167 1
29490 29519 167 1
29520 29549 167 2
29550 29579 167 2
29580 29609 167 2
29610 29639 167 2
29640 29669 167 2
29670 29699 167 3
29700 29729 167 3
29730 29759 167 3
29760 29789 167 3
29790 29819 167 3
29820 29849 167 4
29850 29879 167 4
29880 29909 167 4
29910 29939 167 4
29940 29969 167 4
29970 29999 168 1
30000 30029 168 1
30030 30059 168 1
30060 30089 168 1
30090 30119 168 2
30120 30149 168 2
30150 30179 168 2
30180 30209 168 2
30210 30239 168 3
30240 30269 168 3
30270 30299 168 3
30300 30329 168 4
30330 30359 168 4
30360 30389 168 4
30390 30419 168 4
30420 30449 169 1
30450 30479 169 1
30480 30509 169 1
30510 30539 169 1
30540 30569 169 2
30570 30599 169 2
30600 30629 169 2
30630 30659 169 2
30660 30689 169 3
30690 30719 169 3
30720 30749 169 3
30750 30779 169 4
30780 30809 169 4
30810 30839 169 4
30840 30869 170 1
30870 30899 170 1
30900 30929 170 1
30930 30959 170 1
30960 30989 170 2
30990 31019 170 2
31020 31049 170 2
31050 31079 170 2
31080 31109 170 3
31110 31139 170 3
31140 31169 170 3
31170 31199 170 4
31200 31229 170 4
31230 31259 170 4
31260 31289 171 1
31290 31319 171 1
31320 31349 171 1
31350 31379 171 1
31380 31409 171 1
31410 31439 171 3
31440 31469 171 3
31470 31499 171 3
31500 31529 171 3
31530 31559 171 4
31560 31589 171 4
31590 31619 171 4
31620 31649 171 4
31650 31679 172 1
31680 31709 172 1
31710 31739 172 1
31740 31769 172 2
31770 31799 172 2
31800 31829 172 2
31830 31859 172 2
31860 31889 172 2
31890 31919 172 3
31920 31949 172 3
31950 31979 172 3
31980 32009 172 3
32010 32039 172 3
32040 32069 172 4
32070 32099 172 4
32100 32129 173 1
32130 32159 173 1
32160 32189 173 1
32190 32219 173 1
32220 32249 173 1
32250 32279 173 2
32280 32309 173 2
32310 32339 173 2
32340 32369 173 2
32370 32399 173 3
32400 32429 173 3
32430 32459 173 3
32460 32489 173 3
32490 32519 173 4
32520 32549 173 4
32550 32579 173 4
32580 32609 174 1
32610 32639 174 1
32640 32669 174 1
32670 32699 174 2
32700 32729 174 2
32730 32759 174 2
32760 32789 174 3
32790 32819 174 3
32820 32849 174 3
32850 32879 174 3
32880 32909 174 4
32910 32939 174 4
32940 32969 174 4
32970 32999 175 1
33000 33029 175 1
33030 33059 175 1
33060 33089 175 1
33090 33119 175 1
33120 33149 175 1
33150 33179 175 1
33180 33209 175 2
33210 33239 175 2
33240 33269 175 2
33270 33299 175 2
33300 33329 175 2
33330 33359 175 2
33360 33389 175 2
33390 33419 175 3
33420 33449 175 3
33450 33479 175 3
33480 33509 175 3
33510 33539 175 3
33540 33569 175 3
33570 33599 175 3
33600 33629 175 4
33630 33659 175 4
33660 33689 176 1
33690 33719 176 1
33720 33749 176 1
33750 33779 176 1
33780 33809 176 1
33810 33839 176 2
33840 33869 176 2
33870 33899 176 2
33900 33929 176 2
33930 33959 176 3
33960 33989 176 3
33990 34019 176 3
34020 34049 176 3
34050 34079 176 4
34080 34109 176 4
34110 34139 176 4
34140 34169 176 4
34170 34199 177 1
34200 34229 177 1
34230 34259 177 1
34260 34289 177 1
34290 34319 177 1
34320 34349 177 1
34350 34379 177 2
34380 34409 177 2
34410 34439 177 3
34440 34469 177 3
34470 34499 177 3
34500 34529 177 3
34530 34559 177 3
34560 34589 177 3
34590 34619 177 4
34620 34649 177 4
34650 34679 177 4
34680 34709 177 4
34710 34739 177 4
34740 34769 177 4
34770 34799 178 1
34800 34829 178 1
34830 34859 178 2
34860 34889 178 2
34890 34919 178 3
34920 34949 178 3
34950 34979 178 4
34980 35009 179 1
35010 35039 179 1
35040 35069 179 1
35070 35099 179 1
35100 35129 179 1
35130 35159 179 1
35160 35189 179 1
35190 35219 179 1
35220 35249 179 1
35250 35279 179 1
35280 35309 179 2
35310 35339 179 2
35340 35369 179 2
35370 35399 179 2
35400 35429 179 2
35430 35459 179 3
35460 35489 179 3
35490 35519 179 3
35520 35549 179 3
35550 35579 179 3
35580 35609 179 3
35610 35639 179 3
35640 35669 179 3
35670 35699 179 4
35700 35729 179 4
35730 35759 179 4
35760 35789 179 4
35790 35819 179 4
35820 35849 179 4
35850 35879 179 4
35880 35909 179 4
35910 35939 179 4
35940 35969 180 1
35970 35999 180 1
36000 36029 180 1
36030 36059 180 1
36060 36089 180 2
36090 36119 180 2
36120 36149 180 2
36150 36179 180 2
36180 36209 180 3
36210 36239 180 3
36240 36269 180 3
36270 36299 180 3
36300 36329 180 4
36330 36359 180 4
36360 36389 180 4
36390 36419 180 4
36420 36449 181 1
36450 36479 181 1
36480 36509 181 1
36510 36539 181 1
36540 36569 181 1
36570 36599 181 1
36600 36629 181 1
36630 36659 181 2
36660 36689 181 2
36690 36719 181 2
36720 36749 181 2
36750 36779 181 3
36780 36809 181 3
36810 36839 181 3
36840 36869 181 3
36870 36899 181 3
36900 36929 181 3
36930 36959 181 3
36960 36989 181 4
36990 37019 181 4
37020 37049 181 4
37050 37079 181 4
37080 37109 181 4
37110 37139 181 4
37140 37169 182 2
37170 37199 182 2
37200 37229 182 2
37230 37259 182 2
37260 37289 182 2
37290 37319 182 3
37320 37349 182 3
37350 37379 182 3
37380 37409 182 3
37410 37439 182 3
37440 37469 182 3
37470 37499 182 4
37500 37529 182 4
37530 37559 182 4
37560 37589 182 4
37590 37619 182 4
37620 37649 183 1
37650 37679 183 1
37680 37709 183 1
37710 37739 183 1
37740 37769 183 1
37770 37799 183 2
37800 37829 183 2
37830 37859 183 2
37860 37889 183 2
37890 37919 183 2
37920 37949 183 3
37950 37979 183 3
37980 38009 183 3
38010 38039 183 3
38040 38069 183 4
38070 38099 183 4
38100 38129 183 4
38130 38159 183 4
38160 38189 183 4
38190 38219 184 1
38220 38249 184 1
38250 38279 184 1
38280 38309 184 1
38310 38339 184 2
38340 38369 184 2
38370 38399 184 2
38400 38429 184 2
38430 38459 184 2
38460 38489 184 3
38490 38519 184 3
38520 38549 184 3
38550 38579 184 3
38580 38609 184 4
38610 38639 184 4
38640 38669 184 4
38670 38699 184 4
38700 38729 185 1
38730 38759 185 1
38760 38789 185 1
38790 38819 185 1
38820 38849 185 1
38850 38879 185 1
38880 38909 185 1
38910 38939 185 1
38940 38969 185 1
38970 38999 185 1
39000 39029 185 1
39030 39059 185 1
39060 39089 185 1
39090 39119 185 1
39120 39149 185 1
39150 39179 185 1
39180 39209 185 1
39210 39239 185 1
39240 39269 185 1
39270 39299 185 1
39300 39329 185 1
39330 39359 185 1
39360 39389 185 1
39390 39419 185 1
39420 39449 185 1
39450 39479 185 1
39480 39509 185 1
39510 39539 185 1
39540 39569 185 1
39570 39599 185 1
39600 39629 185 1
39630 39659 185 1
39660 39689 185 1
39690 39719 185 2
39720 39749 185 2
39750 39779 185 2
39780 39809 185 2
39810 39839 185 2
39840 39869 185 2
39870 39899 185 2
39900 39929 185 2
39930 39959 185 2
39960 39989 185 2
39990 40019 185 2
40020 40049 185 2
40050 40079 185 2
40080 40109 185 2
40110 40139 185 2
40140 40169 185 2
40170 40199 185 2
40200 40229 185 2
40230 40259 185 2
40260 40289 185 2
40290 40319 185 2
40320 40349 185 2
40350 40379 185 2
40380 40409 185 2
40410 40439 185 2
40440 40469 185 2
40470 40499 185 2
40500 40529 185 2
40530 40559 185 2
40560 40589 185 2
40590 40619 185 2
40620 40649 185 2
40650 40679 185 2
40680 40709 185 3
40710 40739 185 3
40740 40769 185 3
40770 40799 185 3
40800 40829 185 3
40830 40859 185 3
40860 40889 185 3
40890 40919 185 3
40920 40949 185 3
40950 40979 185 3
40980 41009 185 3
41010 41039 185 3
41040 41069 185 3
41070 41099 185 3
41100 41129 185 3
41130 41159 185 3
41160 41189 185 3
41190 41219 185 3
41220 41249 185 3
41250 41279 185 3
41280 41309 185 3
41310 41339 185 3
41340 41369 185 3
41370 41399 185 3
41400 41429 185 3
41430 41459 185 3
41460 41489 185 3
41490 41519 185 3
41520 41549 185 3
41550 41579 185 3
41580 41609 185 3
41610 41639 185 3
41640 41669 185 3
41670 41699 185 3
41700 41729 185 3
41730 41759 185 3
41760 41789 185 3
41790 41819 185 4
41820 41849 185 4
41850 41879 185 4
41880 41909 185 4
41910 41939 185 4
41940 41969 185 4
41970 41999 185 4
42000 42029 185 4
42030 42059 185 4
42060 42089 185 4
42090 42119 185 4
42120 42149 185 4
42150 42179 185 4
42180 42209 185 4
42210 42239 185 4
42240 42269 185 4
42270 42299 185 4
42300 42329 185 4
42330 42359 185 4
42360 42389 185 4
42390 42419 185 4
42420 42449 185 4
42450 42479 185 4
42480 42509 185 4
42510 42539 185 4
42540 42569 185 4
42570 42599 185 4
42600 42629 185 4
42630 42659 185 4
42660 42689 185 4
42690 42719 185 4
42720 42749 185 4
42750 42779 185 4
42780 42809 185 4
42810 42839 185 4
42840 42869 185 4
42870 42899 186 1
42900 42929 186 1
42930 42959 186 1
42960 42989 186 1
42990 43019 186 3
43020 43049 186 3
43050 43079 186 3
43080 43109 186 4
43110 43139 186 4
43140 43169 186 4
43170 43199 186 4
43200 43229 187 1
43230 43259 187 1
43260 43289 187 1
43290 43319 187 1
43320 43349 187 2
43350 43379 187 2
43380 43409 187 2
43410 43439 187 3
43440 43469 187 3
43470 43499 187 3
43500 43529 187 4
43530 43559 187 4
43560 43589 187 4
43590 43619 188 1
43620 43649 188 1
43650 43679 188 1
43680 43709 188 2
43710 43739 188 2
43740 43769 188 2
43770 43799 188 2
43800 43829 188 3
43830 43859 188 3
43860 43889 188 3
43890 43919 188 4
43920 43949 188 4
43950 43979 188 4
43980 44009 189 1
44010 44039 189 1
44040 44069 189 1
44070 44099 189 2
44100 44129 189 2
44130 44159 189 2
44160 44189 189 3
44190 44219 189 3
44220 44249 189 3
44250 44279 189 4
44280 44309 189 4
44310 44339 189 4
44340 44369 190 1
44370 44399 190 1
44400 44429 190 1
44430 44459 190 1
44460 44489 190 2
44490 44519 190 2
44520 44549 190 2
44550 44579 190 2
44580 44609 190 2
44610 44639 190 3
44640 44669 190 3
44670 44699 190 3
44700 44729 190 3
44730 44759 190 3
44760 44789 190 4
44790 44819 190 4
44820 44849 190 4
44850 44879 190 4
44880 44909 191 1
44910 44939 191 1
44940 44969 191 1
44970 44999 191 2
45000 45029 191 2
45030 45059 191 2
45060 45089 191 3
45090 45119 191 3
45120 45149 191 3
45150 45179 191 4
45180 45209 191 4
45210 45239 191 4
45240 45269 192 1
45270 45299 192 1
45300 45329 192 1
45330 45359 192 3
45360 45389 192 3
45390 45419 192 4
45420 45449 192 4
45450 45479 193 1
45480 45509 193 1
45510 45539 193 1
45540 45569 193 1
45570 45599 193 2
45600 45629 193 2
45630 45659 193 2
45660 45689 193 2
45690 45719 193 3
45720 45749 193 3
45750 45779 193 3
45780 45809 193 3
45810 45839 193 4
45840 45869 193 4
45870 45899 193 4
45900 45929 193 4
45930 45959 194 1
45960 45989 194 1
45990 46019 194 1
46020 46049 194 1
46050 46079 194 1
46080 46109 194 1
46110 46139 194 2
46140 46169 194 2
46170 46199 194 2
46200 46229 194 2
46230 46259 194 2
46260 46289 194 2
46290 46319 194 3
46320 46349 194 3
46350 46379 194 3
46380 46409 194 3
46410 46439 194 3
46440 46469 194 3
46470 46499 194 4
46500 46529 194 4
46530 46559 194 4
46560 46589 194 4
46590 46619 194 4
46620 46649 194 4
46650 46679 195 1
46680 46709 195 1
46710 46739 195 1
46740 46769 195 1
46770 46799 195 1
46800 46829 195 2
46830 46859 195 2
46860 46889 195 2
46890 46919 195 2
46920 46949 195 3
46950 46979 195 3
46980 47009 195 3
47010 47039 195 4
47040 47069 195 4
47070 47099 195 4
47100 47129 195 4
47130 47159 196 1
47160 47189 196 1
47190 47219 196 1
47220 47249 196 1
47250 47279 196 2
47280 47309 196 2
47310 47339 196 3
47340 47369 196 3
47370 47399 196 3
47400 47429 196 3
47430 47459 196 4
47460 47489 196 4
47490 47519 196 4
47520 47549 197 1
47550 47579 197 1
47580 47609 197 1
47610 47639 197 2
47640 47669 197 2
47670 47699 197 3
47700 47729 197 3
47730 47759 197 3
47760 47789 197 4
47790 47819 197 4
47820 47849 197 4
47850 47879 198 1
47880 47909 198 1
47910 47939 198 1
47940 47969 198 2
47970 47999 198 2
48000 48029 198 2
48030 48059 198 3
48060 48089 198 3
48090 48119 198 4
48120 48149 198 4
48150 48179 199 1
48180 48209 199 1
48210 48239 199 1
48240 48269 199 2
48270 48299 199 2
48300 48329 199 2
48330 48359 199 3
48360 48389 199 3
48390 48419 199 4
48420 48449 199 4
48450 48479 200 1
48480 48509 200 1
48510 48539 200 1
48540 48569 200 1
48570 48599 200 1
48600 48629 200 2
48630 48659 200 2
48660 48689 200 2
48690 48719 200 2
48720 48749 200 3
48750 48779 200 3
48780 48809 200 3
48810 48839 200 3
48840 48869 200 3
48870 48899 200 4
48900 48929 200 4
48930 48959 200 4
48960 48989 200 4
48990 49019 201 1
49020 49049 201 1
49050 49079 201 1
49080 49109 201 1
49110 49139 201 1
49140 49169 201 1
49170 49199 201 1
49200 49229 201 2
49230 49259 201 2
49260 49289 201 3
49290 49319 201 3
49320 49349 201 3
49350 49379 201 3
49380 49409 201 3
49410 49439 201 4
49440 49469 201 4
49470 49499 201 4
49500 49529 201 4
49530 49559 201 4
49560 49589 201 4
49590 49619 201 4
49620 49649 202 1
49650 49679 202 1
49680 49709 202 1
49710 49739 202 1
49740 49769 202 1
49770 49799 202 2
49800 49829 202 2
49830 49859 202 2
49860 49889 202 2
49890 49919 202 2
49920 49949 202 2
49950 49979 202 3
49980 50009 202 3
50010 50039 202 3
50040 50069 202 3
50070 50099 202 3
50100 50129 202 3
50130 50159 202 4
50160 50189 202 4
50190 50219 202 4
50220 50249 202 4
50250 50279 202 4
50280 50309 203 1
50310 50339 203 1
50340 50369 203 1
50370 50399 203 1
50400 50429 203 2
50430 50459 203 2
50460 50489 203 2
50490 50519 203 2
50520 50549 203 3
50550 50579 203 3
50580 50609 203 3
50610 50639 203 3
50640 50669 203 4
50670 50699 203 4
50700 50729 203 4
50730 50759 203 4
50760 50789 204 1
50790 50819 204 1
50820 50849 204 1
50850 50879 204 1
50880 50909 204 1
50910 50939 204 1
50940 50969 204 1
50970 50999 204 1
51000 51029 204 1
51030 51059 204 2
51060 51089 204 2
51090 51119 204 2
51120 51149 204 2
51150 51179 204 2
51180 51209 204 2
51210 51239 204 3
51240 51269 204 3
51270 51299 204 3
51300 51329 204 3
51330 51359 204 3
51360 51389 204 3
51390 51419 204 3
51420 51449 204 3
51450 51479 204 3
51480 51509 204 3
51510 51539 204 4
51540 51569 204 4
51570 51599 204 4
51600 51629 204 4
51630 51659 204 4
51660 51689 204 4
51690 51719 204 4
51720 51749 204 4
51750 51779 205 1
51780 51809 205 1
51810 51839 205 1
51840 51869 205 1
51870 51899 205 1
51900 51929 205 2
51930 51959 205 2
51960 51989 205 2
51990 52019 205 2
52020 52049 205 2
52050 52079 205 2
52080 52109 205 2
52110 52139 205 3
52140 52169 205 3
52170 52199 205 3
52200 52229 205 3
52230 52259 205 3
52260 52289 205 3
52290 52319 205 3
52320 52349 205 3
52350 52379 205 3
52380 52409 205 3
52410 52439 206 1
52440 52469 206 1
52470 52499 206 1
52500 52529 206 2
52530 52559 206 2
52560 52589 206 2
52590 52619 206 3
52620 52649 206 3
52650 52679 206 3
52680 52709 206 4
52710 52739 206 4
52740 52769 206 4
52770 52799 207 1
52800 52829 207 1
52830 52859 207 1
52860 52889 207 1
52890 52919 207 1
52920 52949 207 2
52950 52979 207 2
52980 53009 207 2
53010 53039 207 2
53040 53069 207 3
53070 53099 207 3
53100 53129 207 3
53130 53159 207 3
53160 53189 207 3
53190 53219 207 4
53220 53249 207 4
53250 53279 207 4
53280 53309 207 4
53310 53339 208 1
53340 53369 208 1
53370 53399 208 1
53400 53429 208 2
53430 53459 208 2
53460 53489 208 3
53490 53519 208 3
53520 53549 208 3
53550 53579 208 4
53580 53609 208 4
53610 53639 209 1
53640 53669 209 1
53670 53699 209 1
53700 53729 209 1
53730 53759 209 1
53760 53789 209 1
53790 53819 209 1
53820 53849 209 1
53850 53879 209 1
53880 53909 209 3
53910 53939 209 3
53940 53969 209 3
53970 53999 209 3
54000 54029 209 3
54030 54059 209 3
54060 54089 209 3
54090 54119 209 3
54120 54149 209 3
54150 54179 209 4
54180 54209 209 4
54210 54239 209 4
54240 54269 209 4
54270 54299 209 4
54300 54329 209 4
54330 54359 209 4
54360 54389 209 4
54390 54419 209 4
54420 54449 210 1
54450 54479 210 1
54480 54509 210 1
54510 54539 210 1
54540 54569 210 1
54570 54599 210 2
54600 54629 210 2
54630 54659 210 2
54660 54689 210 2
54690 54719 210 2
54720 54749 210 3
54750 54779 210 3
54780 54809 210 3
54810 54839 210 3
54840 54869 210 3
54870 54899 210 4
54900 54929 210 4
54930 54959 210 4
54960 54989 210 4
54990 55019 211 1
55020 55049 211 1
55050 55079 211 1
55080 55109 211 1
55110 55139 211 1
55140 55169 211 1
55170 55199 211 1
55200 55229 211 1
55230 55259 211 1
55260 55289 211 1
55290 55319 211 1
55320 55349 211 1
55350 55379 211 2
55380 55409 211 2
55410 55439 211 2
55440 55469 211 2
55470 55499 211 2
55500 55529 211 2
55530 55559 211 2
55560 55589 211 2
55590 55619 211 2
55620 55649 211 2
55650 55679 211 2
55680 55709 211 3
55710 55739 211 3
55740 55769 211 3
55770 55799 211 3
55800 55829 211 3
55830 55859 211 3
55860 55889 211 3
55890 55919 211 3
55920 55949 211 3
55950 55979 211 3
55980 56009 211 3
56010 56039 211 4
56040 56069 211 4
56070 56099 211 4
56100 56129 211 4
56130 56159 211 4
56160 56189 211 4
56190 56219 211 4
56220 56249 211 4
56250 56279 211 4
56280 56309 211 4
56310 56339 211 4
56340 56369 212 1
56370 56399 212 1
56400 56429 212 1
56430 56459 212 1
56460 56489 212 1
56490 56519 212 1
56520 56549 212 1
56550 56579 212 1
56580 56609 212 2
56610 56639 212 2
56640 56669 212 2
56670 56699 212 2
56700 56729 212 3
56730 56759 212 3
56760 56789 212 3
56790 56819 212 3
56820 56849 212 3
56850 56879 212 3
56880 56909 212 3
56910 56939 212 4
56940 56969 212 4
56970 56999 212 4
57000 57029 212 4
57030 57059 212 4
57060 57089 212 4
57090 57119 213 1
57120 57149 213 1
57150 57179 213 1
57180 57209 213 1
57210 57239 213 1
57240 57269 213 1
57270 57299 213 1
57300 57329 213 1
57330 57359 213 1
57360 57389 213 1
57390 57419 213 1
57420 57449 213 2
57450 57479 213 2
57480 57509 213 2
57510 57539 213 2
57540 57569 213 2
57570 57599 213 2
57600 57629 213 2
57630 57659 213 3
57660 57689 213 3
57690 57719 213 3
57720 57749 213 3
57750 57779 213 3
57780 57809 213 3
57810 57839 213 3
57840 57869 213 4
57870 57899 213 4
57900 57929 213 4
57930 57959 213 4
57960 57989 213 4
57990 58019 213 4
58020 58049 213 4
58050 58079 213 4
58080 58109 213 4
58110 58139 213 4
58140 58169 213 4
58170 58199 214 1
58200 58229 214 1
58230 58259 214 1
58260 58289 214 1
58290 58319 214 2
58320 58349 214 2
58350 58379 214 2
58380 58409 214 2
58410 58439 214 3
58440 58469 214 3
58470 58499 214 3
58500 58529 214 4
58530 58559 214 4
58560 58589 214 4
58590 58619 214 4
58620 58649 215 1
58650 58679 215 1
58680 58709 215 1
58710 58739 215 1
58740 58769 215 1
58770 58799 215 2
58800 58829 215 2
58830 58859 215 2
58860 58889 215 2
58890 58919 215 2
58920 58949 215 3
58950 58979 215 3
58980 59009 215 3
59010 59039 215 3
59040 59069 215 3
59070 59099 216 1
59100 59129 216 1
59130 59159 216 1
59160 59189 216 1
59190 59219 216 2
59220 59249 216 2
59250 59279 216 2
59280 59309 216 2
59310 59339 216 3
59340 59369 216 3
59370 59399 216 3
59400 59429 216 3
59430 59459 216 4
59460 59489 216 4
59490 59519 216 4
59520 59549 217 1
59550 59579 217 1
59580 59609 217 2
59610 59639 217 2
59640 59669 217 3
59670 59699 217 4
59700 59729 218 1
59730 59759 218 1
59760 59789 218 2
59790 59819 218 2
59820 59849 218 2
59850 59879 218 2
59880 59909 218 3
59910 59939 218 3
59940 59969 218 3
59970 59999 218 3
60000 60029 218 4
60030 60059 218 4
60060 60089 218 4
60090 60119 219 1
60120 60149 219 1
60150 60179 219 1
60180 60209 219 1
60210 60239 219 2
60240 60269 219 2
60270 60299 219 2
60300 60329 219 2
60330 60359 219 3
60360 60389 219 3
60390 60419 219 3
60420 60449 219 4
60450 60479 219 4
60480 60509 219 4
60510 60539 219 4
60540 60569 220 1
60570 60599 220 1
60600 60629 220 1
60630 60659 220 2
60660 60689 220 2
60690 60719 220 3
60720 60749 220 3
60750 60779 220 4
60780 60809 220 4
60810 60839 220 4
60840 60869 221 1
60870 60899 221 1
60900 60929 221 1
60930 60959 221 2
60960 60989 221 2
60990 61019 221 2
61020 61049 221 3
61050 61079 221 3
61080 61109 221 3
61110 61139 221 4
61140 61169 221 4
61170 61199 221 4
61200 61229 222 1
61230 61259 222 1
61260 61289 222 1
61290 61319 222 1
61320 61349 222 1
61350 61379 222 2
61380 61409 222 2
61410 61439 222 2
61440 61469 222 2
61470 61499 222 2
61500 61529 222 3
61530 61559 222 3
61560 61589 222 3
61590 61619 222 3
61620 61649 222 3
61650 61679 222 4
61680 61709 222 4
61710 61739 222 4
61740 61769 222 4
61770 61799 222 4
61800 61829 223 1
61830 61859 223 1
61860 61889 223 1
61890 61919 223 1
61920 61949 223 2
61950 61979 223 2
61980 62009 223 2
62010 62039 223 2
62040 62069 223 3
62070 62099 223 3
62100 62129 223 3
62130 62159 223 3
62160 62189 223 4
62190 62219 223 4
62220 62249 223 4
62250 62279 223 4
62280 62309 224 1
62310 62339 224 1
62340 62369 224 1
62370 62399 224 1
62400 62429 224 1
62430 62459 224 2
62460 62489 224 2
62490 62519 224 2
62520 62549 224 2
62550 62579 224 3
62580 62609 224 3
62610 62639 224 3
62640 62669 224 3
62670 62699 224 3
62700 62729 224 4
62730 62759 224 4
62760 62789 224 4
62790 62819 224 4
62820 62849 225 1
62850 62879 225 1
62880 62909 225 1
62910 62939 225 1
62940 62969 225 1
62970 62999 225 1
63000 63029 225 1
63030 63059 225 2
63060 63089 225 2
63090 63119 225 2
63120 63149 225 2
63150 63179 225 2
63180 63209 225 2
63210 63239 225 2
63240 63269 225 3
63270 63299 225 3
63300 63329 225 3
63330 63359 225 3
63360 63389 225 3
63390 63419 225 3
63420 63449 225 4
63450 63479 225 4
63480 63509 225 4
63510 63539 225 4
63540 63569 226 1
63570 63599 226 1
63600 63629 226 1
63630 63659 226 1
63660 63689 226 1
63690 63719 226 1
63720 63749 226 3
63750 63779 226 3
63780 63809 226 3
63810 63839 226 3
63840 63869 226 3
63870 63899 226 3
63900 63929 226 4
63930 63959 226 4
63960 63989 226 4
63990 64019 226 4
64020 64049 226 4
64050 64079 226 4
64080 64109 227 2
64110 64139 227 2
64140 64169 227 2
64170 64199 227 3
64200 64229 227 3
64230 64259 227 3
64260 64289 227 3
64290 64319 227 3
64320 64349 227 4
64350 64379 227 4
64380 64409 227 4
64410 64439 228 1
64440 64469 228 1
64470 64499 228 1
64500 64529 228 1
64530 64559 228 2
64560 64589 228 2
64590 64619 228 2
64620 64649 228 3
64650 64679 228 3
64680 64709 228 3
64710 64739 228 3
64740 64769 228 4
64770 64799 228 4
64800 64829 228 4
64830 64859 229 1
64860 64889 229 1
64890 64919 229 1
64920 64949 229 1
64950 64979 229 2
64980 65009 229 2
65010 65039 229 2
65040 65069 229 2
65070 65099 229 3
65100 65129 229 3
65130 65159 229 3
65160 65189 229 3
65190 65219 229 4
65220 65249 229 4
65250 65279 229 4
65280 65309 229 4
65310 65339 230 1
65340 65369 230 1
65370 65399 230 1
65400 65429 230 1
65430 65459 230 2
65460 65489 230 2
65490 65519 230 2
65520 65549 230 2
65550 65579 230 3
65580 65609 230 3
65610 65639 230 3
65640 65669 230 4
65670 65699 230 4
65700 65729 230 4
65730 65759 231 1
65760 65789 231 1
65790 65819 231 2
65820 65849 231 2
65850 65879 231 2
65880 65909 231 3
65910 65939 231 3
65940 65969 231 3
65970 65999 231 4
66000 66029 231 4
66030 66059 231 4
66060 66089 232 1
66090 66119 232 1
66120 66149 232 1
66150 66179 232 1
66180 66209 232 1
66210 66239 232 1
66240 66269 232 3
66270 66299 232 3
66300 66329 232 3
66330 66359 232 3
66360 66389 232 3
66390 66419 232 3
66420 66449 232 4
66450 66479 232 4
66480 66509 232 4
66510 66539 232 4
66540 66569 232 4
66570 66599 232 4
66600 66629 233 1
66630 66659 233 1
66660 66689 233 1
66690 66719 233 1
66720 66749 233 1
66750 66779 233 1
66780 66809 233 2
66810 66839 233 2
66840 66869 233 2
66870 66899 233 2
66900 66929 233 2
66930 66959 233 2
66960 66989 233 3
66990 67019 233 3
67020 67049 233 3
67050 67079 233 3
67080 67109 233 3
67110 67139 233 3
67140 67169 233 3
67170 67199 233 4
67200 67229 233 4
67230 67259 233 4
67260 67289 233 4
67290 67319 233 4
67320 67349 234 1
67350 67379 234 1
67380 67409 234 1
67410 67439 234 1
67440 67469 234 2
67470 67499 234 2
67500 67529 234 2
67530 67559 234 2
67560 67589 234 3
67590 67619 234 3
67620 67649 234 3
67650 67679 234 3
67680 67709 234 3
67710 67739 234 4
67740 67769 234 4
67770 67799 235 1
67800 67829 235 1
67830 67859 235 1
67860 67889 235 1
67890 67919 235 1
67920 67949 235 1
67950 67979 235 1
67980 68009 235 2
68010 68039 235 2
68040 68069 235 2
68070 68099 235 2
68100 68129 235 2
68130 68159 235 2
68160 68189 235 2
68190 68219 235 3
68220 68249 235 3
68250 68279 235 3
68280 68309 235 3
68310 68339 235 3
68340 68369 235 3
68370 68399 235 3
68400 68429 235 4
68430 68459 235 4
68460 68489 235 4
68490 68519 235 4
68520 68549 235 4
68550 68579 235 4
68580 68609 235 4
68610 68639 236 1
68640 68669 236 1
68670 68699 236 1
68700 68729 236 1
68730 68759 236 2
68760 68789 236 2
68790 68819 236 2
68820 68849 236 3
68850 68879 236 3
68880 68909 236 3
68910 68939 236 3
68940 68969 236 4
68970 68999 236 4
69000 69029 236 4
69030 69059 236 4
69060 69089 237 1
69090 69119 237 1
69120 69149 237 1
69150 69179 237 2
69180 69209 237 2
69210 69239 237 2
69240 69269 237 2
69270 69299 237 2
69300 69329 237 3
69330 69359 237 3
69360 69389 237 3
69390 69419 237 3
69420 69449 237 4
69450 69479 237 4
69480 69509 238 1
69510 69539 238 1
69540 69569 238 1
69570 69599 238 1
69600 69629 238 2
69630 69659 238 2
69660 69689 238 2
69690 69719 238 2
69720 69749 238 2
69750 69779 238 3
69780 69809 238 3
69810 69839 238 3
69840 69869 238 3
69870 69899 238 4
69900 69929 238 4
69930 69959 238 4
69960 69989 238 4
69990 70019 239 1
70020 70049 239 1
70050 70079 239 1
70080 70109 239 1
70110 70139 239 1
70140 70169 239 2
70170 70199 239 2
70200 70229 239 2
70230 70259 239 2
70260 70289 239 2
70290 70319 239 3
70320 70349 239 3
70350 70379 239 3
70380 70409 239 3
70410 70439 239 3
70440 70469 239 4
70470 70499 239 4
70500 70529 239 4
70530 70559 239 4
70560 70589 240 1
70590 70619 240 1
70620 70649 240 1
70650 70679 240 1
70680 70709 240 1
70710 70739 240 1
70740 70769 240 2
70770 70799 240 2
70800 70829 240 2
70830 70859 240 2
70860 70889 240 2
70890 70919 240 2
70920 70949 240 3
70950 70979 240 3
70980 71009 240 3
71010 71039 240 3
71040 71069 240 3
71070 71099 240 3
71100 71129 240 4
71130 71159 240 4
71160 71189 240 4
71190 71219 240 4
71220 71249 240 4
71250 71279 241 1
71280 71309 241 2
71310 71339 241 3
71340 71369 241 4
71370 71399 242 1
71400 71429 242 1
71430 71459 242 1
71460 71489 242 1
71490 71519 242 2
71520 71549 242 2
71550 71579 242 3
71580 71609 242 3
71610 71639 242 3
71640 71669 242 4
71670 71699 242 4
71700 71729 242 4
71730 71759 243 1
71760 71789 243 1
71790 71819 243 1
71820 71849 243 1
71850 71879 243 1
71880 71909 243 2
71910 71939 243 2
71940 71969 243 2
71970 71999 243 2
72000 72029 243 3
72030 72059 243 3
72060 72089 243 3
72090 72119 243 3
72120 72149 243 4
72150 72179 243 4
72180 72209 243 4
72210 72239 243 4
72240 72269 244 1
72270 72299 244 1
72300 72329 244 1
72330 72359 244 1
72360 72389 244 1
72390 72419 244 2
72420 72449 244 2
72450 72479 244 2
72480 72509 244 2
72510 72539 244 2
72540 72569 244 3
72570 72599 244 3
72600 72629 244 3
72630 72659 244 3
72660 72689 244 3
72690 72719 244 4
72720 72749 244 4
72750 72779 244 4
72780 72809 244 4
72810 72839 245 1
72840 72869 245 1
72870 72899 245 1
72900 72929 245 1
72930 72959 245 3
72960 72989 245 3
72990 73019 245 3
73020 73049 245 3
73050 73079 245 4
73080 73109 245 4
73110 73139 245 4
73140 73169 245 4
73170 73199 246 1
73200 73229 246 1
73230 73259 246 1
73260 73289 246 1
73290 73319 246 1
73320 73349 246 2
73350 73379 246 2
73380 73409 246 3
73410 73439 246 3
73440 73469 246 3
73470 73499 246 3
73500 73529 246 4
73530 73559 246 4
73560 73589 246 4
73590 73619 246 4
73620 73649 246 4
73650 73679 247 1
73680 73709 247 1
73710 73739 247 1
73740 73769 247 1
73770 73799 247 2
73800 73829 247 2
73830 73859 247 2
73860 73889 247 2
73890 73919 247 3
73920 73949 247 3
73950 73979 247 3
73980 74009 247 3
74010 74039 247 4
74040 74069 247 4
74070 74099 247 4
74100 74129 247 4
74130 74159 248 1
74160 74189 248 1
74190 74219 248 1
74220 74249 248 2
74250 74279 248 2
74280 74309 248 3
74310 74339 248 3
74340 74369 248 4
74370 74399 248 4
74400 74429 248 4
74430 74459 249 1
74460 74489 249 1
74490 74519 249 1
74520 74549 249 1
74550 74579 249 1
74580 74609 249 1
74610 74639 249 1
74640 74669 249 2
74670 74699 249 2
74700 74729 249 2
74730 74759 249 2
74760 74789 249 2
74790 74819 249 2
74820 74849 249 2
74850 74879 249 3
74880 74909 249 3
74910 74939 249 3
74940 74969 249 3
74970 74999 249 3
75000 75029 249 3
75030 75059 249 3
75060 75089 249 4
75090 75119 249 4
75120 75149 249 4
75150 75179 249 4
75180 75209 249 4
75210 75239 249 4
75240 75269 249 4
75270 75299 249 4
75300 75329 250 1
75330 75359 250 1
75360 75389 250 1
75390 75419 250 1
75420 75449 250 2
75450 75479 250 2
75480 75509 250 2
75510 75539 250 3
75540 75569 250 3
75570 75599 250 3
75600 75629 250 4
75630 75659 250 4
75660 75689 250 4
75690 75719 251 1
75720 75749 251 1
75750 75779 251 1
75780 75809 251 1
75810 75839 251 2
75840 75869 251 2
75870 75899 251 2
75900 75929 251 3
75930 75959 251 3
75960 75989 251 3
75990 76019 251 4
76020 76049 251 4
76050 76079 251 4
76080 76109 252 1
76110 76139 252 1
76140 76169 252 1
76170 76199 252 1
76200 76229 252 1
76230 76259 252 1
76260 76289 252 1
76290 76319 252 1
76320 76349 252 2
76350 76379 252 2
76380 76409 252 2
76410 76439 252 2
76440 76469 252 3
76470 76499 252 3
76500 76529 252 3
76530 76559 252 3
76560 76589 252 3
76590 76619 252 3
76620 76649 252 3
76650 76679 252 3
76680 76709 252 4
76710 76739 252 4
76740 76769 252 4
76770 76799 252 4
76800 76829 252 4
76830 76859 252 4
76860 76889 252 4
76890 76919 252 4
76920 76949 253 1
76950 76979 253 1
76980 77009 253 1
77010 77039 253 2
77040 77069 253 2
77070 77099 253 3
77100 77129 253 3
77130 77159 253 4
77160 77189 253 4
77190 77219 254 1
77220 77249 254 1
77250 77279 254 1
77280 77309 254 2
77310 77339 254 2
77340 77369 254 2
77370 77399 254 3
77400 77429 254 3
77430 77459 254 3
77460 77489 254 4
77490 77519 254 4
77520 77549 254 4
77550 77579 255 1
77580 77609 255 1
77610 77639 255 1
77640 77669 255 1
77670 77699 255 2
77700 77729 255 2
77730 77759 255 2
77760 77789 255 3
77790 77819 255 3
77820 77849 255 3
77850 77879 255 3
77880 77909 255 4
77910 77939 255 4
77940 77969 255 4
77970 77999 255 4
78000 78029 256 1
78030 78059 256 1
78060 78089 256 1
78090 78119 256 1
78120 78149 256 2
78150 78179 256 2
78180 78209 256 2
78210 78239 256 2
78240 78269 256 2
78270 78299 256 3
78300 78329 256 3
78330 78359 256 3
78360 78389 256 3
78390 78419 257 1
78420 78449 257 1
78450 78479 257 1
78480 78509 257 1
78510 78539 257 1
78540 78569 257 2
78570 78599 257 2
78600 78629 257 3
78630 78659 257 3
78660 78689 257 3
78690 78719 257 4
78720 78749 257 4
78750 78779 257 4
78780 78809 257 4
78810 78839 257 4
78840 78869 258 1
78870 78899 258 1
78900 78929 258 1
78930 78959 258 2
78960 78989 258 2
78990 79019 258 2
79020 79049 258 3
79050 79079 258 3
79080 79109 258 3
79110 79139 258 4
79140 79169 258 4
79170 79199 259 1
79200 79229 259 1
79230 79259 259 1
79260 79289 259 1
79290 79319 259 2
79320 79349 259 2
79350 79379 259 2
79380 79409 259 2
79410 79439 259 3
79440 79469 259 3
79470 79499 259 3
79500 79529 259 3
79530 79559 259 4
79560 79589 259 4
79590 79619 259 4
79620 79649 260 1
79650 79679 260 1
79680 79709 260 1
79710 79739 260 2
79740 79769 260 2
79770 79799 260 3
79800 79829 260 3
79830 79859 260 4
79860 79889 260 4
79890 79919 260 4
79920 79949 261 1
79950 79979 261 1
79980 80009 261 1
80010 80039 261 2
80040 80069 261 2
80070 80099 261 2
80100 80129 261 3
80130 80159 261 3
80160 80189 261 3
80190 80219 261 4
80220 80249 261 4
80250 80279 261 4
80280 80309 262 1
80310 80339 262 1
80340 80369 262 1
80370 80399 262 1
80400 80429 262 1
80430 80459 262 2
80460 80489 262 2
80490 80519 262 2
80520 80549 262 2
80550 80579 262 2
80580 80609 262 3
80610 80639 262 3
80640 80669 262 3
80670 80699 262 3
80700 80729 262 3
80730 80759 262 4
80760 80789 262 4
80790 80819 262 4
80820 80849 262 4
80850 80879 263 1
80880 80909 263 1
80910 80939 263 1
80940 80969 263 1
80970 80999 263 3
81000 81029 263 3
81030 81059 263 3
81060 81089 263 4
81090 81119 263 4
81120 81149 263 4
81150 81179 263 4
81180 81209 264 1
81210 81239 264 1
81240 81269 264 1
81270 81299 264 2
81300 81329 264 2
81330 81359 264 2
81360 81389 264 3
81390 81419 264 3
81420 81449 264 3
81450 81479 264 4
81480 81509 264 4
81510 81539 265 1
81540 81569 265 1
81570 81599 265 1
81600 81629 265 1
81630 81659 265 2
81660 81689 265 2
81690 81719 265 2
81720 81749 265 3
81750 81779 265 3
81780 81809 265 3
81810 81839 265 3
81840 81869 265 3
81870 81899 265 4
81900 81929 265 4
81930 81959 265 4
81960 81989 265 4
81990 82019 266 1
82020 82049 266 1
82050 82079 266 1
82080 82109 266 1
82110 82139 266 2
82140 82169 266 2
82170 82199 266 2
82200 82229 266 2
82230 82259 266 3
82260 82289 266 3
82290 82319 266 3
82320 82349 266 3
82350 82379 266 4
82380 82409 266 4
82410 82439 266 4
82440 82469 266 4
82470 82499 267 1
82500 82529 267 1
82530 82559 267 1
82560 82589 267 2
82590 82619 267 2
82620 82649 267 2
82650 82679 267 3
82680 82709 267 3
82710 82739 267 3
82740 82769 267 3
82770 82799 267 4
82800 82829 267 4
82830 82859 267 4
82860 82889 268 1
82890 82919 268 1
82920 82949 268 1
82950 82979 268 2
82980 83009 268 2
83010 83039 268 2
83040 83069 268 3
83070 83099 268 3
83100 83129 268 3
83130 83159 268 4
83160 83189 268 4
83190 83219 268 4
83220 83249 269 1
83250 83279 269 1
83280 83309 269 2
83310 83339 269 2
83340 83369 269 3
83370 83399 269 3
83400 83429 269 4
83430 83459 270 1
83460 83489 270 1
83490 83519 270 1
83520 83549 270 2
83550 83579 270 2
83580 83609 270 2
83610 83639 270 3
83640 83669 270 3
83670 83699 270 3
83700 83729 270 4
83730 83759 270 4
83760 83789 270 4
83790 83819 271 1
83820 83849 271 1
83850 83879 271 1
83880 83909 271 1
83910 83939 271 2
83940 83969 271 2
83970 83999 271 2
84000 84029 271 2
84030 84059 271 3
84060 84089 271 3
84090 84119 271 3
84120 84149 271 3
84150 84179 271 3
84180 84209 271 4
84210 84239 271 4
84240 84269 271 4
84270 84299 271 4
84300 84329 272 1
84330 84359 272 1
84360 84389 272 1
84390 84419 272 2
84420 84449 272 2
84450 84479 272 2
84480 84509 272 2
84510 84539 272 3
84540 84569 272 3
84570 84599 272 3
84600 84629 272 4
84630 84659 272 4
84660 84689 272 4
84690 84719 273 1
84720 84749 273 1
84750 84779 273 1
84780 84809 273 1
84810 84839 273 1
84840 84869 273 2
84870 84899 273 2
84900 84929 273 2
84930 84959 273 2
84960 84989 273 2
84990 85019 273 3
85020 85049 273 3
85050 85079 273 3
85080 85109 273 3
85110 85139 273 3
85140 85169 273 4
85170 85199 273 4
85200 85229 273 4
85230 85259 273 4
85260 85289 274 1
85290 85319 274 1
85320 85349 274 1
85350 85379 274 1
85380 85409 274 1
85410 85439 274 1
85440 85469 274 2
85470 85499 274 2
85500 85529 274 2
85530 85559 274 2
85560 85589 274 2
85590 85619 274 2
85620 85649 274 3
85650 85679 274 3
85680 85709 274 3
85710 85739 274 3
85740 85769 274 3
85770 85799 274 4
85800 85829 274 4
85830 85859 274 4
85860 85889 274 4
85890 85919 274 4
85920 85949 275 1
85950 85979 275 1
85980 86009 275 1
86010 86039 275 1
86040 86069 275 1
86070 86099 275 1
86100 86129 275 2
86130 86159 275 2
86160 86189 275 2
86190 86219 275 2
86220 86249 275 2
86250 86279 275 3
86280 86309 275 3
86310 86339 275 3
86340 86369 275 3
86370 86399 275 3
86400 86429 275 3
86430 86459 275 4
86460 86489 275 4
86490 86519 275 4
86520 86549 275 4
86550 86579 275 4
86580 86609 276 1
86610 86639 276 1
86640 86669 276 1
86670 86699 276 1
86700 86729 276 1
86730 86759 276 1
86760 86789 276 2
86790 86819 276 2
86820 86849 276 2
86850 86879 276 2
86880 86909 276 2
86910 86939 276 3
86940 86969 276 3
86970 86999 276 3
87000 87029 276 3
87030 87059 276 3
87060 87089 276 3
87090 87119 276 4
87120 87149 276 4
87150 87179 276 4
87180 87209 276 4
87210 87239 276 4
87240 87269 277 1
87270 87299 277 1
87300 87329 277 1
87330 87359 277 1
87360 87389 277 2
87390 87419 277 2
87420 87449 277 2
87450 87479 277 2
87480 87509 277 3
87510 87539 277 3
87540 87569 277 3
87570 87599 277 3
87600 87629 277 4
87630 87659 277 4
87660 87689 277 4
87690 87719 278 1
87720 87749 278 1
87750 87779 278 1
87780 87809 278 1
87810 87839 278 2
87840 87869 278 2
87870 87899 278 2
87900 87929 278 2
87930 87959 278 3
87960 87989 278 3
87990 88019 278 3
88020 88049 278 3
88050 88079 278 3
88080 88109 278 4
88110 88139 278 4
88140 88169 278 4
88170 88199 278 4
88200 88229 279 1
88230 88259 279 1
88260 88289 279 1
88290 88319 279 1
88320 88349 279 2
88350 88379 279 2
88380 88409 279 2
88410 88439 279 3
88440 88469 279 3
88470 88499 279 3
88500 88529 279 3
88530 88559 279 4
88560 88589 279 4
88590 88619 279 4
88620 88649 279 4
88650 88679 280 1
88680 88709 280 1
88710 88739 280 1
88740 88769 280 1
88770 88799 280 1
88800 88829 280 1
88830 88859 280 2
88860 88889 280 2
88890 88919 280 2
88920 88949 280 2
88950 88979 280 2
88980 89009 280 2
89010 89039 280 2
89040 89069 280 3
89070 89099 280 3
89100 89129 280 3
89130 89159 280 3
89160 89189 280 3
89190 89219 280 3
89220 89249 280 3
89250 89279 280 4
89280 89309 280 4
89310 89339 280 4
89340 89369 280 4
89370 89399 280 4
89400 89429 281 1
89430 89459 281 1
89460 89489 281 1
89490 89519 281 2
89520 89549 281 2
89550 89579 281 2
89580 89609 281 3
89610 89639 281 3
89640 89669 281 4
89670 89699 281 4
89700 89729 282 1
89730 89759 282 1
89760 89789 282 1
89790 89819 282 1
89820 89849 282 1
89850 89879 282 2
89880 89909 282 2
89910 89939 282 2
89940 89969 282 2
89970 89999 282 2
90000 90029 282 3
90030 90059 282 3
90060 90089 282 3
90090 90119 282 3
90120 90149 282 3
90150 90179 282 4
90180 90209 282 4
90210 90239 282 4
90240 90269 282 4
90270 90299 282 4
90300 90329 283 1
90330 90359 283 1
90360 90389 283 1
90390 90419 283 1
90420 90449 283 2
90450 90479 283 2
90480 90509 283 2
90510 90539 283 2
90540 90569 283 3
90570 90599 283 3
90600 90629 283 3
90630 90659 283 3
90660 90689 283 4
90690 90719 283 4
90720 90749 283 4
90750 90779 283 4
90780 90809 284 1
90810 90839 284 1
90840 90869 284 1
90870 90899 284 3
90900 90929 284 3
90930 90959 284 3
90960 90989 284 4
90990 91019 284 4
91020 91049 285 1
91050 91079 285 1
91080 91109 285 1
91110 91139 285 2
91140 91169 285 2
91170 91199 285 2
91200 91229 285 3
91230 91259 285 3
91260 91289 285 3
91290 91319 285 4
91320 91349 285 4
91350 91379 285 4
91380 91409 286 1
91410 91439 286 1
91440 91469 286 1
91470 91499 286 1
91500 91529 286 2
91530 91559 286 2
91560 91589 286 2
91590 91619 286 2
91620 91649 286 3
91650 91679 286 4
91680 91709 287 1
91710 91739 287 1
91740 91769 287 1
91770 91799 287 1
91800 91829 287 1
91830 91859 287 1
91860 91889 287 2
91890 91919 287 2
91920 91949 287 2
91950 91979 287 2
91980 92009 287 4
92010 92039 288 1
92040 92069 288 1
92070 92099 288 1
92100 92129 288 1
92130 92159 288 1
92160 92189 288 1
92190 92219 288 1
92220 92249 288 3
92250 92279 288 3
92280 92309 288 3
92310 92339 288 3
92340 92369 288 3
92370 92399 288 3
92400 92429 288 3
92430 92459 288 4
92460 92489 288 4
92490 92519 288 4
92520 92549 288 4
92550 92579 288 4
92580 92609 288 4
92610 92639 289 1
92640 92669 289 2
92670 92699 289 2
92700 92729 289 3
92730 92759 289 4
92760 92789 290 1
92790 92819 290 1
92820 92849 290 1
92850 92879 290 1
92880 92909 290 1
92910 92939 290 1
92940 92969 290 1
92970 92999 290 2
93000 93029 290 2
93030 93059 290 2
93060 93089 290 2
93090 93119 290 2
93120 93149 290 2
93150 93179 290 3
93180 93209 290 3
93210 93239 290 3
93240 93269 290 3
93270 93299 290 3
93300 93329 290 3
93330 93359 290 4
93360 93389 290 4
93390 93419 290 4
93420 93449 290 4
93450 93479 290 4
93480 93509 291 1
93510 93539 291 1
93540 93569 291 1
93570 93599 291 1
93600 93629 291 1
93630 93659 291 3
93660 93689 291 3
93690 93719 291 3
93720 93749 291 3
93750 93779 292 1
93780 93809 292 1
93810 93839 292 1
93840 93869 292 1
93870 93899 292 1
93900 93929 292 1
93930 93959 292 1
93960 93989 292 2
93990 94019 292 2
94020 94049 292 2
94050 94079 292 2
94080 94109 292 2
94110 94139 292 2
94140 94169 292 2
94170 94199 292 3
94200 94229 292 3
94230 94259 292 3
94260 94289 292 3
94290 94319 292 3
94320 94349 292 3
94350 94379 292 3
94380 94409 292 3
94410 94439 292 3
94440 94469 292 3
94470 94499 292 4
94500 94529 292 4
94530 94559 292 4
94560 94589 292 4
94590 94619 292 4
94620 94649 292 4
94650 94679 292 4
94680 94709 292 4
94710 94739 292 4
94740 94769 292 4
94770 94799 293 1
94800 94829 293 1
94830 94859 293 1
94860 94889 293 1
94890 94919 293 1
94920 94949 293 1
94950 94979 293 1
94980 95009 293 1
95010 95039 293 1
95040 95069 293 2
95070 95099 293 2
95100 95129 293 2
95130 95159 293 2
95160 95189 293 2
95190 95219 293 2
95220 95249 293 2
95250 95279 293 2
95280 95309 293 3
95310 95339 293 3
95340 95369 293 3
95370 95399 293 3
95400 95429 293 3
95430 95459 293 3
95460 95489 293 3
95490 95519 293 3
95520 95549 293 3
95550 95579 293 4
95580 95609 293 4
95610 95639 293 4
95640 95669 293 4
95670 95699 293 4
95700 95729 293 4
95730 95759 293 4
95760 95789 293 4
95790 95819 293 4
95820 95849 294 1
95850 95879 294 1
95880 95909 294 1
95910 95939 294 1
95940 95969 294 3
95970 95999 294 3
96000 96029 294 3
96030 96059 294 3
96060 96089 294 4
96090 96119 294 4
96120 96149 294 4
96150 96179 294 4
96180 96209 295 1
96210 96239 295 1
96240 96269 295 2
96270 96299 295 2
96300 96329 295 3
96330 96359 295 3
96360 96389 295 4
96390 96419 296 1
96420 96449 296 1
96450 96479 296 1
96480 96509 296 1
96510 96539 296 2
96540 96569 296 2
96570 96599 296 2
96600 96629 296 2
96630 96659 296 4
96660 96689 296 4
96690 96719 296 4
96720 96749 296 4
96750 96779 297 1
96780 96809 297 1
96810 96839 297 1
96840 96869 297 1
96870 96899 297 1
96900 96929 297 1
96930 96959 297 1
96960 96989 297 1
96990 97019 297 2
97020 97049 297 2
97050 97079 297 3
97080 97109 297 3
97110 97139 297 3
97140 97169 297 3
97170 97199 297 3
97200 97229 297 3
97230 97259 297 3
97260 97289 297 4
97290 97319 297 4
97320 97349 297 4
97350 97379 297 4
97380 97409 297 4
97410 97439 297 4
97440 97469 297 4
97470 97499 298 1
97500 97529 298 2
97530 97559 298 3
97560 97589 299 3
97590 97619 299 3
97620 97649 299 4
97650 97679 300 1
97680 97709 300 2
97710 97739 300 3
97740 97769 300 3
97770 97799 300 4
97800 97829 301 1
97830 97859 301 3
97860 97889 302 1
97890 97919 302 1
97920 97949 302 1
97950 97979 302 2
97980 98009 302 2
98010 98039 302 2
98040 98069 302 2
98070 98099 302 3
98100 98129 302 3
98130 98159 302 3
98160 98189 302 3
98190 98219 302 3
98220 98249 303 1
98250 98279 303 2
98280 98309 303 3
98310 98339 303 4
98340 98369 304 1
98370 98399 304 3
98400 98429 305 1
98430 98459 305 2
98460 98489 305 3
98490 98519 305 4
98520 98549 306 1
98550 98579 306 1
98580 98609 306 2
98610 98639 306 4
98640 98669 307 1
98670 98699 307 1
98700 98729 307 1
98730 98759 307 1
98760 98789 307 1
98790 98819 307 3
98820 98849 307 3
98850 98879 307 3
98880 98909 307 4
98910 98939 307 4
98940 98969 307 4
98970 98999 307 4
99000 99029 307 4
99030 99059 308 2
99060 99089 308 2
99090 99119 308 2
99120 99149 308 3
99150 99179 308 3
99180 99209 308 3
99210 99239 308 4
99240 99269 308 4
99270 99299 309 1
99300 99329 309 1
99330 99359 309 2
99360 99389 309 3
99390 99419 310 1
99420 99449 310 1
99450 99479 310 1
99480 99509 310 2
99510 99539 310 3
99540 99569 311 1
99570 99599 311 2
99600 99629 311 2
99630 99659 311 2
99660 99689 311 3
99690 99719 311 3
99720 99749 311 3
99750 99779 311 3
99780 99809 311 4
99810 99839 311 4
99840 99869 311 4
99870 99899 312 2
99900 99929 312 3
99930 99959 313 1
99960 99989 313 1
99990 100019 313 3
100020 100049 314 1
100050 100079 314 1
100080 100109 314 2
100110 100139 314 3
100140 100169 315 1
100170 100199 315 1
100200 100229 315 2
100230 100259 315 2
100260 100289 315 3
100290 100319 315 3
100320 100349 316 2
100350 100379 316 2
100380 100409 316 2
100410 100439 316 3
100440 100469 316 3
100470 100499 316 3
100500 100529 316 3
100530 100559 316 4
100560 100589 316 4
100590 100619 316 4
100620 100649 317 1
100650 100679 317 2
100680 100709 317 2
100710 100739 317 2
100740 100769 317 2
100770 100799 317 2
100800 100829 317 3
100830 100859 317 3
100860 100889 317 3
100890 100919 317 3
100920 100949 317 3
100950 100979 317 4
100980 101009 317 4
101010 101039 317 4
101040 101069 318 1
101070 101099 318 1
101100 101129 318 1
101130 101159 318 1
101160 101189 318 2
101190 101219 318 2
101220 101249 318 2
101250 101279 318 2
101280 101309 318 3
101310 101339 318 3
101340 101369 318 3
101370 101399 318 3
101400 101429 318 3
101430 101459 319 1
101460 101489 319 1
101490 101519 319 1
101520 101549 319 1
101550 101579 319 3
101580 101609 319 3
101610 101639 319 4
101640 101669 319 4
101670 101699 319 4
101700 101729 320 1
101730 101759 320 2
101760 101789 320 3
101790 101819 321 1
101820 101849 321 1
101850 101879 321 1
101880 101909 321 2
101910 101939 321 2
101940 101969 321 2
101970 101999 321 4
102000 102029 321 4
102030 102059 321 4
